56.1373079005264 -32.1041854215471 18.7305201886208 -1.09428964431512 12.5774031582159 -28.3920971635064 2.64084549765623 -10.7701186003194 -21.4638844837125 21.95981668588 -15.6647042131525 -2.55661390434612
-32.1041854215471 41.0709054735396 -7.18722020755827 12.0960434297049 -21.1182152522721 9.77037756255219 0.191065540321253 18.2704473586092 5.89471142104437 -36.1679553028742 21.7539272104986 -12.4699018120184
18.7305201886208 -7.18722020755827 68.3258701535531 1.37245458222189 11.6621269527648 -10.0364494782244 -51.7684864378881 -33.4805642329112 9.04838293631715 1.94309683730832 -0.590780942390268 -8.01895035181377
-1.09428964431512 12.0960434297049 1.37245458222189 26.5127918812454 -10.4111079658024 8.91304999463848 -7.54686957882232 7.58610732937366 -19.3939126333816 -3.72593977922956 0.787649258985105 -15.0959768746185
12.5774031582159 -21.1182152522721 11.6621269527648 -10.4111079658024 105.104288116079 -19.5539170945442 -41.4897743611709 -25.7778371261207 -12.5814636309274 -14.1900077645926 31.6214913526014 -15.8429863842304
-28.3920971635064 9.77037756255219 -10.0364494782244 8.91304999463848 -19.5539170945442 72.455811827938 -13.0714597189579 -2.9623059978806 20.5055075831103 -24.9983141794953 -18.2070328458503 5.57682951022015
2.64084549765623 0.191065540321253 -51.7684864378881 -7.54686957882232 -41.4897743611709 -13.0714597189579 96.0041467051493 28.071519597679 -17.0950169547227 12.3634748047507 -11.7204692698672 3.42102417587275
-10.7701186003194 18.2704473586092 -33.4805642329112 7.58610732937366 -25.7778371261207 -2.9623059978806 28.071519597679 32.6234899929762 -17.0855034010152 -3.42784438546127 0.110801375011658 6.84180809005863
-21.4638844837125 5.89471142104437 9.04838293631715 -19.3939126333816 -12.5814636309274 20.5055075831103 -17.0950169547227 -17.0855034010152 59.5049983757618 -17.5993568623034 7.36857951242808 2.89695813740112
21.95981668588 -36.1679553028742 1.94309683730832 -3.72593977922956 -14.1900077645926 -24.9983141794953 12.3634748047507 -3.42784438546127 -17.5993568623034 71.0693580784822 -32.052726796098 24.826398663633
-15.6647042131525 21.7539272104986 -0.590780942390268 0.787649258985105 31.6214913526014 -18.2070328458503 -11.7204692698672 0.110801375011658 7.36857951242808 -32.052726796098 41.1442199658007 -24.5509546079672
-2.55661390434612 -12.4699018120184 -8.01895035181377 -15.0959768746185 -15.8429863842304 5.57682951022015 3.42102417587275 6.84180809005863 2.89695813740112 24.826398663633 -24.5509546079672 34.9723653578087
