5.518360565763217807e+01 -3.207018510927934329e+01 1.875894522588713542e+01 -1.029996475009088863e+00 1.263538607012609738e+01 -2.831199397876015311e+01 2.838454538348702538e+00 -1.077328651850302599e+01 -2.142570811193270330e+01 2.215846747907605874e+01 -1.548082278428775815e+01
-3.207018510927934329e+01 4.177713765004166646e+01 -7.324297189139379327e+00 1.199142009823633614e+01 -2.127979116420218375e+01 9.715619959427902685e+00 2.292206886412264388e-01 1.809582471323860631e+01 5.709029257064349494e+00 -3.618230168082940423e+01 2.186525168064022040e+01
1.875894522588713542e+01 -7.324297189139379327e+00 6.888695585375614883e+01 1.378335216087912096e+00 1.163443198814533730e+01 -1.018674844494675824e+01 -5.167564233567892984e+01 -3.359593641500158157e+01 8.997975823977180099e+00 1.931559811431539320e+00 -7.045407081546375405e-01
-1.029996475009088863e+00 1.199142009823633614e+01 1.378335216087912096e+00 2.646530941886083355e+01 -1.037411615286165834e+01 8.884556479277589958e+00 -7.371671630008791887e+00 7.631424093344503667e+00 -1.942290401180374459e+01 -3.680835475742317175e+00 7.304474756306545968e-01
1.263538607012609738e+01 -2.127979116420218375e+01 1.163443198814533730e+01 -1.037411615286165834e+01 1.051712030151660713e+02 -1.960519146157519543e+01 -4.135564838233994323e+01 -2.580668202100815023e+01 -1.260869662327160157e+01 -1.416212442707635510e+01 3.162240986835637102e+01
-2.831199397876015311e+01 9.715619959427902685e+00 -1.018674844494675824e+01 8.884556479277589958e+00 -1.960519146157519543e+01 7.290550985373926096e+01 -1.301697824424591232e+01 -3.139474741279595360e+00 2.044057561381524124e+01 -2.496397201864188631e+01 -1.824834643985115434e+01
2.838454538348702538e+00 2.292206886412264388e-01 -5.167564233567892984e+01 -7.371671630008791887e+00 -4.135564838233994323e+01 -1.301697824424591232e+01 9.476795661876535348e+01 2.813735516373193590e+01 -1.698102781984752596e+01 1.252582974445610908e+01 -1.162135735056096308e+01
-1.077328651850302599e+01 1.809582471323860631e+01 -3.359593641500158157e+01 7.631424093344503667e+00 -2.580668202100815023e+01 -3.139474741279595360e+00 2.813735516373193590e+01 3.327158383049104629e+01 -1.710891565220273947e+01 -3.466310918871062352e+00 -2.254171414795722375e-02
-2.142570811193270330e+01 5.709029257064349494e+00 8.997975823977180099e+00 -1.942290401180374459e+01 -1.260869662327160157e+01 2.044057561381524124e+01 -1.698102781984752596e+01 -1.710891565220273947e+01 5.984467907600335224e+01 -1.758300776718123259e+01 7.336760005254186368e+00
2.215846747907605874e+01 -3.618230168082940423e+01 1.931559811431539320e+00 -3.680835475742317175e+00 -1.416212442707635510e+01 -2.496397201864188631e+01 1.252582974445610908e+01 -3.466310918871062352e+00 -1.758300776718123259e+01 7.046126990369718612e+01 -3.190869064177460501e+01
-1.548082278428775815e+01 2.186525168064022040e+01 -7.045407081546375405e-01 7.304474756306545968e-01 3.162240986835637102e+01 -1.824834643985115434e+01 -1.162135735056096308e+01 -2.254171414795722375e-02 7.336760005254186368e+00 -3.190869064177460501e+01 4.102619959210268519e+01
