56.6345610920493 -31.3629090678015 18.9073653733117 -1.17301799964454 12.8104223628151 -28.0231096450874 2.8218480117505 -10.7733582834267 -21.4589945953866 22.2503513324751 -15.2294615304105
-31.3629090678015 41.780360753005 -6.94804707963167 13.0698028461556 -20.8555086283121 10.1170262251924 0.75214928452759 17.6642302102894 6.01838223559481 -36.1500182281933 22.9379925017108
18.9073653733117 -6.94804707963167 68.3979309492033 1.33116660038955 11.7294325850871 -9.89464042723842 -51.7087830707449 -33.476556326161 9.02837890146027 2.03400794043837 -0.392305394502049
-1.17301799964454 13.0698028461556 1.33116660038955 23.0878812063153 -10.2994324497564 9.62882400606909 -8.47458064042955 9.44378314892088 -19.6792716982549 -2.18759079216812 -0.926568440859999
12.8104223628151 -20.8555086283121 11.7294325850871 -10.2994324497564 105.179750879725 -19.3859757095015 -41.3626393174578 -25.8675893215608 -12.5549101815448 -14.0708239554484 31.9157829010354
-28.0231096450874 10.1170262251924 -9.89464042723842 9.62882400606909 -19.3859757095015 72.5300892025925 -12.7366640071881 -3.37601249027972 20.5744202955967 -25.1691445742601 -17.5526168585033
2.8218480117505 0.75214928452759 -51.7087830707449 -8.47458064042955 -41.3626393174578 -12.7366640071881 95.8350038061872 28.5566299588089 -17.1644035465651 12.8855526267008 -12.0014796951903
-10.7733582834267 17.6642302102894 -33.476556326161 9.44378314892088 -25.8675893215608 -3.37601249027972 28.5566299588089 31.6181759558279 -16.9322603061351 -4.27773275808039 1.00804795618813
-21.4589945953866 6.01838223559481 9.02837890146027 -19.6792716982549 -12.5549101815448 20.5744202955967 -17.1644035465651 -16.9322603061351 59.5171888908288 -17.4155204272453 7.17106817119558
22.2503513324751 -36.1500182281933 2.03400794043837 -2.18759079216812 -14.0708239554484 -25.1691445742601 12.8855526267008 -4.27773275808039 -17.4155204272453 70.5396186218836 -31.1773523108858
-15.2294615304105 22.9379925017108 -0.392305394502049 -0.926568440859999 31.9157829010354 -17.5526168585033 -12.0014796951903 1.00804795618813 7.17106817119558 -31.1773523108858 40.8039246473087
