0.595893570104005	-0.057337245938248	0.152033472663121	-0.410385015299642	0.0171448573458592	-0.200340832743894
-0.057337245938248	1.77398006751877	-0.283272126547893	-0.0264440882049798	-0.172932411647913	-0.496208968120318
0.152033472663121	-0.283272126547893	0.111750758169665	-0.117776933702152	0.0654235135055002	0.118690713508637
-0.410385015299642	-0.0264440882049798	-0.117776933702152	0.301665481767077	-0.0305767783167237	0.0914858040925011
0.0171448573458592	-0.172932411647913	0.0654235135055002	-0.0305767783167237	0.0552477295684246	0.143849609986535
-0.200340832743894	-0.496208968120318	0.118690713508637	0.0914858040925011	0.143849609986535	0.477994746701798
